0	[[20, 100], 0, 1, 10, "min", 0]
1	[[20, 100], 0, 1, 10, "min", 1]
2	[[20, 100], 0, 1, 10, "min", 2]
3	[[20, 100], 0, 1, 10, "max", 0]
4	[[20, 100], 0, 1, 10, "max", 1]
5	[[20, 100], 0, 1, 10, "max", 2]
6	[[20, 100], 0, 1, 50, "min", 0]
7	[[20, 100], 0, 1, 50, "min", 1]
8	[[20, 100], 0, 1, 50, "min", 2]
9	[[20, 100], 0, 1, 50, "max", 0]
10	[[20, 100], 0, 1, 50, "max", 1]
11	[[20, 100], 0, 1, 50, "max", 2]
12	[[20, 100], 0, 5, 10, "min", 0]
13	[[20, 100], 0, 5, 10, "min", 1]
14	[[20, 100], 0, 5, 10, "min", 2]
15	[[20, 100], 0, 5, 10, "max", 0]
16	[[20, 100], 0, 5, 10, "max", 1]
17	[[20, 100], 0, 5, 10, "max", 2]
18	[[20, 100], 0, 5, 50, "min", 0]
19	[[20, 100], 0, 5, 50, "min", 1]
20	[[20, 100], 0, 5, 50, "min", 2]
21	[[20, 100], 0, 5, 50, "max", 0]
22	[[20, 100], 0, 5, 50, "max", 1]
23	[[20, 100], 0, 5, 50, "max", 2]
24	[[20, 100], 10, 1, 10, "min", 0]
25	[[20, 100], 10, 1, 10, "min", 1]
26	[[20, 100], 10, 1, 10, "min", 2]
27	[[20, 100], 10, 1, 10, "max", 0]
28	[[20, 100], 10, 1, 10, "max", 1]
29	[[20, 100], 10, 1, 10, "max", 2]
30	[[20, 100], 10, 1, 50, "min", 0]
31	[[20, 100], 10, 1, 50, "min", 1]
32	[[20, 100], 10, 1, 50, "min", 2]
33	[[20, 100], 10, 1, 50, "max", 0]
34	[[20, 100], 10, 1, 50, "max", 1]
35	[[20, 100], 10, 1, 50, "max", 2]
36	[[20, 100], 10, 5, 10, "min", 0]
37	[[20, 100], 10, 5, 10, "min", 1]
38	[[20, 100], 10, 5, 10, "min", 2]
39	[[20, 100], 10, 5, 10, "max", 0]
40	[[20, 100], 10, 5, 10, "max", 1]
41	[[20, 100], 10, 5, 10, "max", 2]
42	[[20, 100], 10, 5, 50, "min", 0]
43	[[20, 100], 10, 5, 50, "min", 1]
44	[[20, 100], 10, 5, 50, "min", 2]
45	[[20, 100], 10, 5, 50, "max", 0]
46	[[20, 100], 10, 5, 50, "max", 1]
47	[[20, 100], 10, 5, 50, "max", 2]
48	[[50, 200], 0, 1, 10, "min", 0]
49	[[50, 200], 0, 1, 10, "min", 1]
50	[[50, 200], 0, 1, 10, "min", 2]
51	[[50, 200], 0, 1, 10, "max", 0]
52	[[50, 200], 0, 1, 10, "max", 1]
53	[[50, 200], 0, 1, 10, "max", 2]
54	[[50, 200], 0, 1, 50, "min", 0]
55	[[50, 200], 0, 1, 50, "min", 1]
56	[[50, 200], 0, 1, 50, "min", 2]
57	[[50, 200], 0, 1, 50, "max", 0]
58	[[50, 200], 0, 1, 50, "max", 1]
59	[[50, 200], 0, 1, 50, "max", 2]
60	[[50, 200], 0, 5, 10, "min", 0]
61	[[50, 200], 0, 5, 10, "min", 1]
62	[[50, 200], 0, 5, 10, "min", 2]
63	[[50, 200], 0, 5, 10, "max", 0]
64	[[50, 200], 0, 5, 10, "max", 1]
65	[[50, 200], 0, 5, 10, "max", 2]
66	[[50, 200], 0, 5, 50, "min", 0]
67	[[50, 200], 0, 5, 50, "min", 1]
68	[[50, 200], 0, 5, 50, "min", 2]
69	[[50, 200], 0, 5, 50, "max", 0]
70	[[50, 200], 0, 5, 50, "max", 1]
71	[[50, 200], 0, 5, 50, "max", 2]
72	[[50, 200], 10, 1, 10, "min", 0]
73	[[50, 200], 10, 1, 10, "min", 1]
74	[[50, 200], 10, 1, 10, "min", 2]
75	[[50, 200], 10, 1, 10, "max", 0]
76	[[50, 200], 10, 1, 10, "max", 1]
77	[[50, 200], 10, 1, 10, "max", 2]
78	[[50, 200], 10, 1, 50, "min", 0]
79	[[50, 200], 10, 1, 50, "min", 1]
80	[[50, 200], 10, 1, 50, "min", 2]
81	[[50, 200], 10, 1, 50, "max", 0]
82	[[50, 200], 10, 1, 50, "max", 1]
83	[[50, 200], 10, 1, 50, "max", 2]
84	[[50, 200], 10, 5, 10, "min", 0]
85	[[50, 200], 10, 5, 10, "min", 1]
86	[[50, 200], 10, 5, 10, "min", 2]
87	[[50, 200], 10, 5, 10, "max", 0]
88	[[50, 200], 10, 5, 10, "max", 1]
89	[[50, 200], 10, 5, 10, "max", 2]
90	[[50, 200], 10, 5, 50, "min", 0]
91	[[50, 200], 10, 5, 50, "min", 1]
92	[[50, 200], 10, 5, 50, "min", 2]
93	[[50, 200], 10, 5, 50, "max", 0]
94	[[50, 200], 10, 5, 50, "max", 1]
95	[[50, 200], 10, 5, 50, "max", 2]
